0.90	0.14	1.05	0.88	0.56	0.60	12.19	0.07	0.36
0.85	0.11	1.00	0.83	0.57	0.52	12.19	0.06	0.36
0.77	0.11	0.85	0.69	0.49	0.60	12.19	0.06	0.36
1.06	0.41	1.13	1.03	0.46	0.61	12.19	0.08	0.36
1.09	0.37	1.19	1.08	0.51	0.59	12.19	0.08	0.36
1.15	0.38	1.25	1.12	0.55	0.63	12.23	0.08	0.36
0.42	0.11	0.65	0.51	0.40	0.53	11.64	0.05	0.36
1.04	0.20	1.01	0.76	0.67	0.84	9.48	0.05	0.36
1.02	0.20	1.00	0.73	0.69	0.87	10.30	0.05	0.36
0.86	0.17	1.00	0.73	0.69	0.89	10.22	0.05	0.36
0.97	0.30	0.92	0.67	0.64	0.88	11.13	0.06	0.36
1.01	0.29	0.94	0.60	0.73	0.86	11.13	0.05	0.36
0.93	0.28	1.03	0.66	0.79	0.83	10.87	0.05	0.36
0.85	0.14	0.77	0.42	0.64	0.81	11.02	0.05	0.36
0.55	0.14	0.65	0.37	0.54	0.87	10.57	0.04	0.36
0.69	0.16	0.74	0.39	0.63	0.85	10.97	0.04	0.36
0.66	0.23	0.76	0.33	0.68	0.84	10.05	0.04	0.36
0.62	0.21	0.79	0.34	0.71	0.93	10.38	0.03	0.36
0.64	0.21	0.74	0.36	0.64	0.96	11.13	0.04	0.36
1.14	0.48	1.19	0.80	0.88	1.25	10.64	0.07	0.36
1.17	0.51	1.26	0.80	0.97	1.33	10.24	0.07	0.36
1.26	0.51	1.31	0.87	0.98	1.39	11.14	0.07	0.36
1.05	0.42	1.21	0.90	0.82	1.39	9.62	0.07	0.36
1.15	0.42	1.34	0.83	1.05	1.32	10.67	0.07	0.36
1.16	0.43	1.25	0.86	0.90	1.38	9.91	0.07	0.36
1.08	0.31	1.21	0.70	0.99	1.39	9.76	0.06	0.36
1.04	0.26	1.10	0.65	0.88	1.32	9.32	0.06	0.36
0.92	0.24	0.94	0.54	0.78	1.27	9.97	0.05	0.36
0.90	0.24	0.77	0.44	0.63	1.31	10.79	0.05	0.36
1.02	0.28	0.80	0.42	0.69	1.29	10.54	0.05	0.36
0.88	0.26	0.76	0.46	0.60	1.22	9.48	0.05	0.36
1.29	0.55	1.20	0.84	0.86	1.34	10.14	0.08	0.36
1.37	0.63	1.33	0.87	1.01	1.23	9.50	0.08	0.36
1.47	0.56	1.46	0.90	1.15	1.32	9.31	0.08	0.36
1.39	0.43	1.49	1.15	0.94	1.32	8.10	0.08	0.36
1.27	0.39	1.34	1.01	0.88	1.30	9.20	0.07	0.36
1.18	0.38	1.22	0.93	0.79	1.47	10.01	0.07	0.36
1.21	0.33	1.31	0.79	1.05	2.23	8.00	0.07	0.36
1.01	0.22	1.21	0.69	1.00	2.22	8.36	0.07	0.36
0.99	0.23	1.16	0.79	0.85	2.10	7.73	0.07	0.36
1.44	0.43	1.34	0.94	0.96	2.01	7.84	0.08	0.36
1.43	0.45	1.61	1.18	1.10	1.99	8.30	0.09	0.36
1.65	0.43	1.82	1.40	1.17	2.10	8.08	0.10	0.36
1.47	0.55	1.69	1.29	1.09	1.96	9.31	0.11	0.36
1.89	0.65	2.14	1.39	1.63	1.80	8.71	0.11	0.36
1.62	0.57	1.95	1.43	1.32	1.84	7.58	0.12	0.36
1.67	0.63	1.80	1.37	1.17	1.79	7.76	0.11	0.36
1.72	0.66	1.72	1.29	1.14	1.73	8.17	0.11	0.36
1.83	0.67	1.78	1.28	1.25	1.62	8.33	0.10	0.36
1.60	0.69	1.68	1.32	1.05	1.75	9.48	0.12	0.36
1.57	0.67	1.67	1.34	0.99	1.89	8.86	0.12	0.36
1.48	0.62	1.73	1.33	1.10	1.77	9.07	0.12	0.36
1.46	0.37	1.61	1.22	1.06	1.46	8.14	0.08	0.36
1.60	0.36	1.61	1.23	1.04	1.45	8.68	0.08	0.36
1.54	0.40	1.71	1.21	1.22	1.49	7.74	0.09	0.36
1.98	0.66	2.44	2.13	1.19	1.51	8.26	0.12	0.36
2.37	0.83	2.85	2.27	1.72	1.84	14.79	0.13	0.36
2.49	0.80	2.84	2.33	1.63	2.00	14.78	0.12	0.36
2.42	0.91	2.68	2.35	1.30	2.41	11.64	0.11	0.36
2.26	0.87	2.42	2.00	1.38	2.46	11.13	0.11	0.36
2.17	0.85	2.25	1.83	1.32	2.47	11.64	0.11	0.36
2.24	0.91	2.46	2.13	1.25	2.32	11.13	0.12	0.36
2.35	0.95	2.74	2.24	1.58	2.49	11.13	0.12	0.36
2.37	1.01	2.80	2.52	1.23	2.17	10.80	0.12	0.36
2.19	0.94	2.92	2.61	1.34	2.23	10.47	0.12	0.36
2.31	0.97	2.97	2.71	1.24	2.06	10.45	0.11	0.36
2.23	0.97	3.00	2.80	1.07	1.98	11.31	0.11	0.36
2.22	0.96	3.03	2.67	1.44	1.69	10.02	0.11	0.36
2.43	0.93	3.25	2.86	1.55	1.86	10.92	0.11	0.36
2.21	0.77	2.18	1.59	1.49	2.51	11.61	0.11	0.36
2.16	0.76	2.14	1.63	1.38	2.48	11.13	0.11	0.36
2.30	0.82	2.14	1.74	1.25	2.34	11.44	0.11	0.36
1.72	0.64	2.06	1.69	1.19	1.28	9.84	0.11	0.36
1.54	0.52	1.84	1.56	0.98	1.23	9.48	0.10	0.36
1.68	0.51	1.94	1.59	1.12	1.11	9.63	0.10	0.36
2.06	0.68	2.43	1.99	1.40	1.21	9.14	0.12	0.36
2.13	0.71	2.62	2.36	1.15	1.22	9.73	0.12	0.36
1.99	0.72	2.67	2.48	1.01	1.18	9.19	0.12	0.36
1.47	0.56	1.50	1.20	0.90	1.22	9.74	0.10	0.36
1.63	0.57	1.47	1.24	0.80	1.13	9.85	0.10	0.36
1.76	0.57	1.52	1.25	0.87	1.15	10.08	0.11	0.36
2.22	0.76	2.56	2.32	1.08	1.22	9.24	0.12	0.36
2.28	0.77	2.73	2.45	1.19	1.17	9.58	0.12	0.36
2.05	0.74	2.78	2.55	1.13	1.05	10.50	0.12	0.36
2.21	0.64	2.65	2.43	1.09	1.20	11.22	0.12	0.36
1.76	0.53	2.34	2.12	1.01	0.99	10.49	0.11	0.36
1.45	0.32	1.80	1.61	0.80	1.10	11.13	0.10	0.36
1.44	0.30	1.78	1.64	0.71	1.17	11.13	0.10	0.36
1.73	0.38	2.06	1.90	0.83	1.11	11.13	0.11	0.36
1.97	0.52	2.48	2.31	0.91	1.18	10.67	0.12	0.36
2.06	0.67	2.80	2.60	1.04	1.15	10.67	0.12	0.36
1.94	0.69	2.85	2.69	0.94	1.12	11.13	0.12	0.36
1.63	0.48	2.04	1.81	0.96	1.75	5.75	0.11	0.36
1.60	0.38	1.94	1.72	0.91	1.68	5.89	0.10	0.36
1.27	0.27	1.64	1.43	0.81	1.71	5.95	0.09	0.36
1.27	0.44	1.28	1.01	0.79	1.47	5.99	0.09	0.36
1.20	0.47	1.16	0.92	0.70	1.51	6.90	0.08	0.36
1.28	0.45	1.31	1.00	0.84	1.52	9.92	0.08	0.36
1.14	0.46	1.16	0.93	0.70	1.47	8.19	0.08	0.36
1.12	0.46	1.17	0.91	0.74	1.38	8.13	0.08	0.36
1.19	0.41	1.22	0.99	0.72	1.36	8.11	0.08	0.36
1.49	0.38	1.36	1.09	0.81	1.37	8.46	0.09	0.36
1.73	0.38	1.56	1.27	0.91	1.36	9.99	0.10	0.36
1.64	0.41	1.77	1.47	0.99	1.32	9.74	0.11	0.36
1.62	0.44	1.85	1.55	1.03	1.31	9.36	0.11	0.36
1.59	0.43	2.00	1.71	1.04	1.23	9.47	0.11	0.36
2.17	0.91	2.10	1.78	1.13	1.25	9.38	0.14	0.36
2.17	0.83	1.86	1.45	1.17	1.15	9.14	0.13	0.36
1.96	0.78	1.71	1.44	0.93	1.08	6.32	0.13	0.36
1.40	0.64	1.17	1.02	0.59	1.08	4.68	0.09	0.36
1.47	0.60	1.22	0.90	0.82	1.14	9.48	0.09	0.36
1.50	0.62	1.27	1.08	0.68	1.18	9.36	0.09	0.36
1.73	0.72	1.43	1.18	0.83	1.15	8.81	0.10	0.36
2.01	0.77	1.65	1.29	1.02	1.16	9.01	0.11	0.36
1.22	0.35	1.23	1.04	0.67	1.07	9.14	0.09	0.36
1.20	0.38	1.21	0.99	0.69	1.04	9.14	0.09	0.36
1.20	0.45	1.15	0.97	0.60	1.07	8.89	0.08	0.36
1.08	0.39	1.03	0.88	0.54	1.12	9.74	0.08	0.36
0.99	0.40	0.96	0.75	0.61	1.14	6.29	0.07	0.36
1.01	0.39	1.04	0.89	0.55	1.14	8.78	0.07	0.36
1.48	0.26	2.10	1.99	0.71	1.17	5.22	0.12	0.36
1.44	0.27	1.93	1.65	1.01	1.18	5.12	0.12	0.36
1.30	0.20	1.76	1.66	0.57	1.29	5.21	0.11	0.36
1.08	0.32	1.26	1.04	0.72	1.40	5.95	0.08	0.36
1.18	0.31	1.30	1.10	0.70	1.39	5.87	0.08	0.36
1.03	0.29	1.27	1.12	0.62	1.34	5.57	0.08	0.36
1.19	0.38	1.27	1.14	0.55	1.31	5.52	0.09	0.36
1.13	0.35	1.31	1.18	0.56	1.36	5.83	0.08	0.36
1.16	0.36	1.34	1.18	0.63	1.44	5.78	0.08	0.36
1.38	0.43	1.88	1.74	0.72	1.45	6.59	0.11	0.36
1.56	0.46	1.85	1.70	0.74	1.44	6.39	0.10	0.36
1.67	0.49	1.84	1.62	0.89	1.55	7.07	0.10	0.36
1.32	0.35	1.27	1.09	0.65	1.26	6.55	0.08	0.36
1.15	0.35	1.25	1.07	0.65	1.37	7.31	0.08	0.36
1.33	0.37	1.28	1.11	0.66	1.40	6.84	0.08	0.36
1.29	0.39	1.38	1.29	0.49	1.56	6.12	0.12	0.36
1.35	0.42	1.37	1.25	0.57	1.50	6.16	0.12	0.36
1.54	0.46	1.51	1.38	0.60	1.50	6.60	0.12	0.36
